[gd_scene format=3 uid="uid://krjxbkt4y00y"]

[ext_resource type="PackedScene" uid="uid://ctcdncf02qqq2" path="res://Assets/Tree/Tree.tscn" id="1_r150o"]

[sub_resource type="ProceduralSkyMaterial" id="ProceduralSkyMaterial_c1w88"]
sky_top_color = Color(0.24072522, 0.43444183, 0.7885818, 1)
sky_horizon_color = Color(0.7606206, 0.6654833, 0.32823262, 1)
ground_bottom_color = Color(0.3759975, 0.37865424, 1, 1)
ground_horizon_color = Color(0.66224277, 0.6717428, 0.6867428, 1)

[sub_resource type="Sky" id="Sky_r150o"]
sky_material = SubResource("ProceduralSkyMaterial_c1w88")

[sub_resource type="Environment" id="Environment_idj7w"]
background_mode = 1
background_color = Color(0.29668152, 0.6666467, 0.9866466, 1)
sky = SubResource("Sky_r150o")
tonemap_mode = 2
glow_enabled = true

[sub_resource type="StandardMaterial3D" id="StandardMaterial3D_idj7w"]
transparency = 1
blend_mode = 1
vertex_color_use_as_albedo = true
albedo_color = Color(1, 1, 1, 0)

[sub_resource type="StandardMaterial3D" id="StandardMaterial3D_r150o"]
albedo_color = Color(0.37455785, 0.680185, 0.3107188, 1)

[sub_resource type="PhysicsMaterial" id="PhysicsMaterial_r150o"]
bounce = 0.2

[node name="Main" type="Node3D" unique_id=856742763]

[node name="DirectionalLight3D" type="DirectionalLight3D" parent="." unique_id=1808889389]
transform = Transform3D(0.86732274, -0.18851915, 0.4606645, 0, 0.9255008, 0.37874553, -0.49774614, -0.3284946, 0.8027079, 0, 0, 0)
light_color = Color(0.69467354, 0.69467354, 0.6946735, 1)

[node name="WorldEnvironment" type="WorldEnvironment" parent="." unique_id=672636832]
environment = SubResource("Environment_idj7w")

[node name="InvincibleWalls" type="Node3D" parent="." unique_id=767432851]

[node name="CSGCombiner3D" type="CSGCombiner3D" parent="InvincibleWalls" unique_id=1843796731]
use_collision = true

[node name="CSGBox3D" type="CSGBox3D" parent="InvincibleWalls/CSGCombiner3D" unique_id=602499683]
transform = Transform3D(1, 0, 0, 0, 1, 0, 0, 0, 1, 0, 0.39222324, -3.6981192)
size = Vector3(7.1464844, 3.2558594, 0.34387207)
material = SubResource("StandardMaterial3D_idj7w")

[node name="CSGBox3D2" type="CSGBox3D" parent="InvincibleWalls/CSGCombiner3D" unique_id=1237308072]
transform = Transform3D(-4.371139e-08, 0, 1, 0, 1, 0, -1, 0, -4.371139e-08, -3.674436, 0.39222324, -0.0539124)
size = Vector3(7.1464844, 3.2558594, 0.34387207)
material = SubResource("StandardMaterial3D_idj7w")

[node name="Floor" type="CSGBox3D" parent="." unique_id=885085702]
transform = Transform3D(1, 0, 0, 0, 1, 0, 0, 0, 1, 0, -0.8084345, 0)
use_collision = true
size = Vector3(7, 1, 7)
material = SubResource("StandardMaterial3D_r150o")

[node name="Tree" parent="Floor" unique_id=1235974922 instance=ExtResource("1_r150o")]
transform = Transform3D(0.58729094, 0, -0.8093759, 0, 1, 0, 0.8093759, 0, 0.58729094, 0, 1.5825908, 0)
physics_material_override = SubResource("PhysicsMaterial_r150o")

[node name="MainCamera" type="Camera3D" parent="." unique_id=1045280582]
transform = Transform3D(0.70710677, -0.40557975, 0.579228, 0, 0.81915194, 0.57357645, -0.70710677, -0.40557975, 0.579228, 3.7718618, 3.4598505, 3.7718618)
projection = 1
size = 8.0
